#-- \lz TYC P=1.0558882 \lz P=1.0558882
#Phase	mag	(error)

# m = -2

# m = -3
0.239611  8.7616 0.018
0.582669  8.6570 0.017
0.59625  8.6454 0.017
0.666863  8.5992 0.015
0.279503  8.7985 0.012
0.293065  8.8327 0.017
0.363688  9.0512 0.014
0.377259  9.1048 0.015
0.447892  9.0417 0.009
0.461435  9.0275 0.022
0.616224  8.6118 0.013
0.629786  8.5722 0.021
0.939783  8.9495 0.026
0.953355  8.9902 0.014
0.0239588  8.8289 0.027
0.636437  8.5916 0.014
0.720622  8.6482 0.014
0.734165  8.6566 0.022
0.818378  8.7849 0.019
0.646497  8.5859 0.012
0.660078  8.5670 0.015
0.730692  8.6370 0.011
0.744254  8.6710 0.012
0.600693  8.6310 0.012
0.614274  8.6075 0.013
0.684868  8.6159 0.013
0.698449  8.6089 0.011
0.407877  9.0864 0.027
0.42142  9.0852 0.022
0.356238  9.0395 0.014
0.369782  9.0758 0.015
0.440424  9.0321 0.014
0.453967  9.0199 0.012
0.524609  8.7699 0.012
0.538152  8.6970 0.012
0.137411  9.0989 0.060
0.150983  8.6938 0.015
0.221596  8.7330 0.012
0.235168  8.7081 0.018
0.3058  8.8590 0.013
0.319362  8.9048 0.013
0.389985  9.0385 0.012
0.403538  9.1056 0.014
0.972735  8.9350 0.012
0.986269  8.8969 0.012
0.0569392  8.7151 0.021
0.0704823  8.7641 0.011
0.141124  8.6420 0.015
0.154658  8.6894 0.012
0.22529  8.7143 0.019
0.238843  8.7304 0.013
0.213423  8.7476 0.014
0.226976  8.7083 0.025
0.297608  8.8498 0.021
0.743989  8.6770 0.026
0.582991  8.6409 0.015
0.596591  8.6331 0.012
0.667195  8.5744 0.017
0.856008  8.8534 0.021
0.0108347  8.8334 0.024
0.0244062  8.7895 0.025
0.0950197  8.6750 0.028
0.108591  8.7181 0.019
0.179205  8.6271 0.028
0.176235  8.7180 0.021
0.189778  8.6889 0.015
0.26042  8.7724 0.021
0.358148  9.0088 0.029
0.428752  9.0537 0.016
0.0632516  8.7738 0.016
0.133865  8.7064 0.013
0.147418  8.6736 0.018
0.927454  8.9677 0.013
0.941035  8.9746 0.024
0.0116395  8.8354 0.016
0.025211  8.7957 0.019
0.0958056  8.7642 0.016
0.109387  8.7279 0.028
0.505197  8.8175 0.015
0.518787  8.7963 0.015
0.602963  8.6128 0.024
0.673557  8.6019 0.015
0.507003  8.7906 0.026
0.261877  8.7837 0.017
0.332472  8.9266 0.021
0.346053  8.9686 0.012
0.416695  9.0684 0.014
0.430209  9.0817 0.017
0.173781  8.6992 0.023
0.244395  8.7143 0.012
0.257948  8.7549 0.011
0.328561  8.9126 0.013
0.342104  8.9651 0.012
0.426318  8.9909 0.014
0.581126  8.6116 0.017
0.594707  8.5966 0.016
0.665301  8.5722 0.013
0.678882  8.5490 0.016
0.817954  8.7779 0.013
0.831468  8.8348 0.027
0.4672  9.0020 0.026
0.480781  8.8802 0.016
0.551394  8.7162 0.025
0.564966  8.6761 0.014
0.283575  8.8115 0.023
0.297128  8.8605 0.026
0.367751  9.0486 0.027
0.381323  9.0902 0.025
0.0963865  8.7067 0.023
0.109958  8.7027 0.024
0.180581  8.6822 0.019
0.194134  8.6695 0.025
0.264766  8.7708 0.021
0.278347  8.8011 0.018
0.146924  8.6800 0.013
0.217575  8.6911 0.023
0.231128  8.7169 0.012
0.30176  8.8317 0.013
0.315313  8.9106 0.016
0.670786  8.5747 0.024
0.68431  8.5931 0.013
0.754971  8.7261 0.025
0.768533  8.7195 0.013
0.839128  8.8545 0.021
0.852699  8.8938 0.016
0.186138  8.7429 0.020
0.256743  8.7933 0.018
0.270314  8.8052 0.024
0.340928  8.9811 0.027
0.509298  8.8293 0.026
0.522888  8.7794 0.027
0.0289233  8.7715 0.028
0.0425138  8.8003 0.014
0.113118  8.7379 0.031
0.12668  8.6597 0.021
0.478513  8.9382 0.026
0.492065  8.8909 0.017
0.56266  8.6968 0.024
0.57625  8.6477 0.014
0.646864  8.6147 0.022
0.619666  8.6101 0.027
0.633219  8.5969 0.013
0.703823  8.6115 0.026
0.717394  8.6252 0.017
0.747254  8.6633 0.025
0.760816  8.6864 0.022
0.99423  8.8383 0.030
0.864422  8.9573 0.025
0.877984  8.9460 0.022
0.96216  8.9800 0.024
0.186957  8.7193 0.019
0.200538  8.7440 0.015
0.271142  8.7750 0.017
0.284742  8.8212 0.020
0.355336  9.0179 0.021
0.368908  9.2444 0.024
0.690381  8.6602 0.020
0.703924  8.6030 0.016
0.774547 11.7075 0.242
0.788109  8.9076 0.014
0.105198  8.8459 0.031
0.118807  8.7743 0.023
0.46782  8.9224 0.016
0.481363  8.9468 0.019
